
Reliability analysis   
Call: psych::alpha(x = trust_items)

  raw_alpha std.alpha G6(smc) average_r S/N    ase mean  sd median_r
      0.93      0.93    0.98      0.38  14 0.0099    6 1.6     0.41

    95% confidence boundaries 
         lower alpha upper
Feldt     0.91  0.93  0.95
Duhachek  0.91  0.93  0.95

 Reliability if an item is dropped:
        raw_alpha std.alpha G6(smc) average_r S/N alpha se var.r med.r
in01_01      0.92      0.93    0.97      0.38  13   0.0106 0.080  0.41
in01_02      0.92      0.93    0.97      0.37  13   0.0106 0.082  0.41
in02_01      0.92      0.93    0.98      0.37  13   0.0107 0.082  0.41
in02_02      0.92      0.93    0.98      0.37  13   0.0108 0.083  0.41
in03_01      0.93      0.93    0.98      0.38  13   0.0104 0.084  0.42
in03_02      0.92      0.93    0.98      0.38  13   0.0104 0.084  0.41
in03_03      0.92      0.93    0.97      0.37  13   0.0107 0.084  0.40
in05_01      0.92      0.93    0.98      0.37  13   0.0108 0.084  0.41
in05_02      0.92      0.93    0.98      0.37  13   0.0106 0.084  0.40
in05_03      0.92      0.93    0.98      0.37  13   0.0108 0.084  0.40
in06_01      0.93      0.93    0.98      0.39  14   0.0098 0.078  0.42
in06_02      0.93      0.93    0.98      0.39  14   0.0098 0.078  0.42
in06_03      0.93      0.94    0.97      0.40  14   0.0097 0.077  0.42
in06_04      0.93      0.93    0.98      0.39  14   0.0096 0.080  0.42
in07_01      0.92      0.93    0.98      0.37  13   0.0107 0.081  0.41
in07_02      0.92      0.93    0.97      0.37  13   0.0110 0.076  0.40
in07_03      0.92      0.93    0.98      0.38  13   0.0105 0.077  0.41
in07_05      0.92      0.93    0.97      0.37  13   0.0112 0.078  0.41
in07_06      0.94      0.94    0.98      0.43  17   0.0080 0.051  0.43
in08_01      0.92      0.93    0.98      0.37  13   0.0106 0.081  0.40
in08_02      0.92      0.93    0.97      0.38  13   0.0104 0.083  0.41
in08_04      0.92      0.93    0.97      0.38  13   0.0105 0.082  0.42
in08_05      0.92      0.93    0.98      0.38  13   0.0105 0.082  0.41

 Item statistics 
         n raw.r std.r r.cor r.drop mean  sd
in01_01 81  0.73  0.71  0.70   0.67  5.6 2.2
in01_02 80  0.75  0.74  0.71   0.69  4.8 2.2
in02_01 79  0.72  0.76  0.76   0.74  5.8 2.2
in02_02 78  0.72  0.76  0.76   0.75  5.3 2.4
in03_01 81  0.66  0.64  0.63   0.60  5.6 2.5
in03_02 80  0.64  0.64  0.64   0.62  5.4 2.5
in03_03 81  0.77  0.76  0.76   0.74  5.9 2.4
in05_01 77  0.77  0.82  0.83   0.80  6.4 2.2
in05_02 77  0.74  0.75  0.72   0.69  5.3 2.5
in05_03 78  0.77  0.80  0.80   0.78  6.9 2.1
in06_01 77  0.53  0.45  0.44   0.35  6.1 2.1
in06_02 74  0.46  0.41  0.41   0.33  5.4 2.0
in06_03 75  0.48  0.39  0.38   0.30  4.9 2.2
in06_04 76  0.50  0.41  0.40   0.32  7.0 2.5
in07_01 49  0.72  0.73  0.71   0.72  5.0 2.5
in07_02 26  0.84  0.77  0.77   0.78  5.9 2.8
in07_03 24  0.70  0.64  0.65   0.63  4.3 2.3
in07_05 26  0.87  0.84  0.84   0.86  5.7 2.7
in07_06 12 -0.20 -0.16 -0.17  -0.23  4.2 3.4
in08_01 69  0.72  0.75  0.74   0.73  7.2 2.0
in08_02 70  0.68  0.70  0.70   0.65  7.4 2.1
in08_04 70  0.67  0.69  0.68   0.65  7.4 1.9
in08_05 67  0.67  0.69  0.69   0.65  6.6 2.1
